64 64
19.5148
18.8335
18.8799
16.6339
16.868
18.0947
17.4083
15.9764
18.907
16.9344
18.1796
19.2365
18.1075
17.7078
15.7501
19.0863
18.883
18.809
16.358
16.8209
17.8097
17.1849
17.1226
16.0134
15.6297
17.7003
16.9497
18.4905
16.2347
18.2195
20.9661
16.7638
17.2723
18.0589
17.5874
17.6441
16.5925
17.5896
17.4765
17.1699
19.4025
17.1558
15.2759
16.2287
16.5907
19.3787
21.3578
18.6232
17.0985
17.7521
16.171
16.705
18.705
15.2737
15.2102
16.9452
16.5615
18.3435
15.6988
16.1754
16.5407
20.9093
16.9187
18.5238
15.701
16.4749
16.4247
16.525
15.9416
17.3196
15.5625
15.2808
16.0567
13.4701
15.8109
16.6566
15.6229
14.5276
14.4426
17.3686
15.267
17.0221
16.1604
15.8289
16.337
15.2096
14.222
13.7588
14.9777
15.0469
13.6578
16.2528
13.6664
15.4106
17.3761
15.1209
15.6457
15.8516
14.5397
15.6131
16.2614
15.6911
16.3821
14.1577
16.8877
16.3976
14.7394
14.6723
14.5746
17.4563
18.6098
17.1336
13.4225
15.1639
14.939
15.128
15.0426
14.1358
13.1919
14.9857
13.7109
16.6066
14.1315
14.9381
13.9506
18.2755
14.8863
15.1085
15.0271
15.1716
15.2129
14.9243
14.4394
15.527
13.2202
14.6541
14.4426
12.0518
13.5696
16.2027
16.1555
13.5807
14.8388
15.5672
13.9862
15.1646
14.1911
14.0801
14.5403
15.0552
14.0578
14.1475
13.3201
14.0804
13.4684
15.1471
13.4668
14.6147
15.6976
15.6635
13.8192
15.3159
13.2578
13.3612
16.4386
14.7888
15.4112
13.5247
15.9212
14.0224
14.0528
13.4346
14.3681
16.3539
17.5402
15.9144
13.7426
14.8031
13.358
14.4956
13.8666
13.1233
12.2241
13.7833
12.3842
15.2962
12.8621
13.4214
13.6777
16.3728
14.1055
13.5605
17.7315
16.6316
18.2698
17.4617
15.4861
18.4649
14.2697
15.462
15.2911
15.5575
16.9569
18.3944
17.321
15.4899
15.7467
17.4661
18.1043
16.6326
15.2786
17.3413
18.3749
15.9585
16.1465
15.1234
16.0534
14.8639
16.1364
17.2245
15.6032
17.2848
18.2436
16.2547
15.4191
16.8035
14.8928
15.6906
17.936
16.7388
15.3693
16.3148
17.936
16.2571
13.2581
16.2399
13.8832
17.5011
18.4398
17.1125
16.6305
16.4817
13.7929
15.4293
16.3124
14.7047
14.9832
15.5346
14.3413
16.566
14.5922
16.1536
15.1699
19.0466
17.1176
16.9856
17.092
17.6381
17.2678
16.5104
15.7624
18.0859
14.6233
15.4076
16.7001
14.4943
16.33
17.9645
16.9902
15.3038
15.086
16.8958
18.0459
16.8575
16.2276
16.0985
16.7407
16.5752
16.0649
15.2057
15.4838
15.7713
15.4283
17.1312
15.7781
16.5373
17.9324
17.6851
15.5943
16.4292
15.7489
16.1374
17.9839
16.7595
15.4107
16.8607
18.3939
14.9513
14.1406
15.9838
14.7713
18.728
17.1338
18.0705
15.3632
17.2935
16.4521
16.4133
16.9094
14.3475
14.8017
16.7151
15.65
16.354
15.2712
14.9599
13.8466
17.6909
15.5462
16.5903
15.5349
13.8164
14.123
13.7694
13.1587
16.0101
12.0544
13.3949
13.4202
12.4784
13.643
15.3552
15.5119
14.1771
13.1947
14.3925
14.9937
14.9842
13.3027
12.5431
14.8549
12.7488
14.27
13.9225
12.6469
13.0309
13.8746
13.6523
14.0309
15.0067
16.5127
13.6614
13.3742
13.0018
14.6165
12.496
13.5298
15.0154
13.1518
13.277
15.8873
13.1042
12.75
13.7013
13.4467
15.6787
15.0847
15.2422
12.9596
12.8799
12.9878
14.4661
14.3583
12.3352
12.7238
14.1376
12.9177
15.1232
15.2605
13.267
12.4032
16.1472
14.0304
14.0363
16.6966
15.7867
17.9994
17.3076
15.533
16.9566
14.3429
14.7432
14.5165
14.2562
16.158
17.3224
16.4889
15.0981
15.4769
17.0231
17.0729
17.94
16.2699
16.1095
17.1623
16.1193
13.7853
14.9525
15.3597
15.1259
15.4847
16.5518
14.2078
16.256
16.2159
15.6805
15.7018
16.37
15.8169
14.7394
17.4951
16.2385
15.8324
16.1743
18.1705
15.0415
14.5116
16.4738
14.1026
18.8106
19.1227
17.215
15.6586
15.823
15.3849
16.6373
15.8453
13.9884
14.0161
14.3974
14.6271
16.1566
15.6519
15.8511
14.881
16.7848
15.9487
16.3665
18.5732
17.9611
17.9228
16.5302
16.3205
16.6416
16.2432
15.7291
16.2187
13.9947
16.8744
17.2034
17.6512
15.1226
16.2773
18.4877
17.8037
17.9158
16.2233
16.9202
16.8759
16.5869
15.8531
14.8528
15.1887
17.9128
15.9975
16.6093
14.9565
16.2233
19.2147
16.8189
15.8285
17.7149
16.694
16.3007
16.7626
16.4499
16.4122
17.5141
18.8373
17.134
14.5371
16.697
15.947
18.5163
18.4831
17.5355
15.6491
16.9712
16.331
15.8868
16.8453
15.9674
14.0161
15.9787
15.5296
17.6575
14.3521
15.3933
15.3933
18.9436
15.6608
15.3005
17.2724
17.4577
16.7848
16.1779
14.8666
18.3364
14.1538
14.3414
15.2817
14.8018
16.8541
16.3996
16.4535
14.898
15.9259
16.2201
16.4115
16.4819
16.3797
15.0924
16.5737
14.3347
13.5541
14.5973
14.7588
13.7281
14.5625
16.8345
16.1998
14.8802
18.5423
15.6573
14.8608
15.2649
15.7261
14.6449
14.6954
15.8432
16.7224
15.6
17.4849
15.9564
14.6976
15.3962
15.4156
18.1209
18.2285
16.4744
14.8156
16.4242
13.7585
15.8097
15.996
14.441
14.7557
15.2387
13.7959
16.5164
14.8736
15.7222
13.6695
17.8122
16.2666
15.2931
15.8337
15.4125
16.025
15.6374
13.0924
16.6241
12.7501
13.6182
14.7257
13.8619
14.0212
15.385
15.1253
13.67
13.0037
14.203
16.1773
16.198
14.1402
14.2064
15.7614
14.2721
14.0532
14.2483
14.4772
14.5047
13.8259
16.4346
15.1209
15.4982
16.4813
14.2732
13.8307
14.3965
15.0805
12.9526
15.5569
15.6342
14.0764
14.3164
16.9299
14.5326
12.9463
14.9013
13.9963
16.1931
16.6444
15.5496
14.7214
14.4935
13.5359
15.0565
15.0672
13.1734
12.4418
13.5698
13.7438
15.4185
13.7685
13.807
14.1389
15.5116
15.2139
14.6293
18.3083
19.373
17.3674
17.7884
15.5321
18.36
15.8695
17.4248
16.9477
15.2762
15.7122
18.4337
17.9267
16.3584
15.3634
18.5896
17.1324
18.3315
16.3719
17.2178
16.8307
16.5832
16.9992
15.8204
16.1808
16.8547
14.9888
18.574
15.8277
17.3287
18.8744
17.5734
16.7028
17.1155
16.2949
17.0457
18.3183
16.4928
17.0694
16.8135
18.058
18.1764
14.5797
16.1467
15.8982
19.2053
18.9673
19.7564
16.3144
17.3763
14.7011
15.8692
16.9587
15.4758
14.9495
16.8335
16.3686
17.6528
15.5118
16.7252
15.7106
19.6763
17.3202
16.4741
15.1367
15.4905
15.8181
15.793
14.3
17.2422
13.954
14.2371
15.3575
12.9219
15.1421
15.7383
16.6332
13.7995
14.055
16.703
15.0113
15.9694
15.2183
14.5969
15.8534
14.5955
14.5436
13.521
14.269
14.8458
14.3611
13.9625
13.9019
15.1689
16.976
15.6191
15.098
16.207
14.2126
15.7155
15.6678
15.3899
14.5453
13.5205
16.9178
16.0794
13.5316
13.8189
13.9589
16.9986
17.8536
16.1561
15.0016
15.5779
13.8822
13.6771
14.5286
15.0163
13.4323
14.3509
12.604
15.8132
13.8841
14.7012
13.793
16.3215
14.2804
14.0068
17.7676
17.4283
17.9711
16.3035
15.4566
16.7813
15.2104
16.9222
16.9214
15.4209
18.0728
16.8883
16.5565
15.2369
17.0322
18.1856
17.1383
17.4785
16.6377
16.8246
16.7847
16.5974
15.0634
15.2144
15.9745
15.4139
14.8381
17.0111
15.5557
16.2249
18.6491
16.2097
16.627
15.5927
16.9149
16.2785
17.4754
16.4781
16.5254
17.2179
17.7977
17.1009
16.0205
16.4633
15.7001
19.0457
19.0091
17.6782
15.0421
16.6411
17.0696
16.0886
16.3538
15.3289
14.9855
15.7913
14.5015
16.8349
15.9277
15.3084
14.693
16.8737
16.0593
15.9172
18.2857
16.2597
17.8074
17.095
15.3476
18.8884
15.3835
14.6403
14.2636
14.6134
14.9112
17.4971
16.3592
13.39
15.8772
17.6419
17.3668
16.8805
16.3533
15.1372
16.5622
16.1544
16.605
14.7607
15.2284
14.5241
15.108
17.0984
15.6654
16.132
17.5331
15.0675
15.1122
15.6617
15.7607
15.247
16.5643
16.8074
16.7082
15.2801
18.5418
16.0819
14.6152
15.8843
15.4006
18.0348
17.7731
15.0967
14.8954
16.3543
15.2408
17.7799
15.3762
14.3215
13.7626
16.0664
13.8079
15.7395
15.521
15.9642
14.6745
17.6358
16.5379
15.4689
17.4358
15.769
17.9478
15.7308
15.4832
17.1136
14.6135
14.8299
15.5675
13.3431
15.5322
17.769
16.7156
15.1954
14.914
17.4741
15.8738
16.5198
16.9925
15.1252
15.6541
14.9474
14.627
14.134
14.6418
13.8055
15.4313
15.6075
14.2194
16.2054
17.0427
14.97
16.455
14.895
14.7677
14.7793
16.792
16.271
16.4311
15.7454
16.5802
15.4115
16.035
15.722
16.3972
17.5499
18.7593
17.3794
14.1587
15.6009
14.4918
16.0172
14.699
13.8365
12.8702
16.1707
14.3458
15.2954
14.5276
15.3593
14.2613
18.498
14.7842
15.054
16.8368
16.0767
16.5053
15.8183
14.6543
15.9275
14.5322
14.4511
15.1337
13.3719
16.3991
16.9532
15.1886
13.9608
14.942
16.357
16.4981
17.5608
14.3331
15.6973
16.0248
15.5894
14.0637
15.0372
13.8919
14.2583
14.2494
16.5174
13.5562
15.4472
16.709
15.5468
15.9447
13.8818
15.1099
15.7977
15.7859
15.5771
16.5135
14.5942
17.6112
15.7902
14.1824
15.4824
14.5553
17.0834
17.6425
17.4169
14.7727
15.3834
15.1772
15.2203
14.9704
14.4116
14.0051
15.5554
14.061
15.7513
14.1054
14.1573
14.5772
16.8963
15.2276
15.1345
16.7344
17.6042
16.7765
17.4602
14.5253
18.5596
14.6578
15.3534
16.4035
14.3477
16.1151
17.4357
17.5334
15.1563
15.12
17.7242
17.8322
18.3614
15.4848
15.9345
16.8536
14.5992
15.2363
15.5086
15.4042
16.4243
15.0499
17.6106
15.0935
17.8233
18.6131
16.7615
15.336
16.7526
15.4937
15.4325
16.219
15.9409
15.8492
15.6369
17.7562
15.5487
14.0452
15.6929
15.6235
18.3697
18.1959
18.5512
15.2711
16.6836
14.9898
15.7565
16.0638
14.6378
14.1116
16.0981
13.8969
17.1603
16.1352
14.7682
14.7316
18.0158
16.608
15.6415
19.0538
18.6183
19.0503
17.7848
16.7106
19.6877
16.0211
16.6977
16.203
15.2362
16.8076
19.334
16.9538
16.0119
16.6513
17.9543
19.7204
17.5286
16.5904
17.3002
19.4682
17.2063
16.617
17.3994
16.3399
15.8108
16.2725
18.4954
15.5487
17.6424
19.2294
17.3382
17.5562
16.2364
17.3828
18.0877
19.409
18.0275
17.8461
16.5754
19.6397
17.3659
15.8368
16.6861
16.0992
18.9162
20.1223
18.0824
17.0135
17.7496
16.2864
17.211
16.5853
15.6398
15.5241
17.9952
15.5676
16.9882
17.3418
17.511
16.2694
19.228
17.6462
18.4596
17.1264
17.4913
17.7205
18.7242
15.8468
19.0153
15.687
16.9321
17.3144
14.7451
17.4189
18.8623
17.9182
15.542
15.6073
18.8657
18.8668
19.3271
16.3388
16.9769
16.6062
16.4879
15.1484
16.1311
16.5055
15.7528
16.3709
17.5707
16.4131
18.1946
18.8118
17.9401
16.7476
17.2903
16.1816
16.9285
17.7261
17.3553
16.672
17.1721
18.4208
15.8849
14.6479
14.9935
14.2014
18.1293
19.2183
18.3181
16.3304
17.5492
16.5171
17.1022
16.7379
14.9209
15.021
16.526
14.8192
17.122
16.2503
16.6038
15.3535
17.9022
16.5248
17.7874
18.8997
18.6249
17.7349
17.0949
16.2634
20.1507
15.9056
16.7752
17.1057
16.3757
17.6332
18.6334
18.9552
18.1202
17.0723
17.6904
18.7548
19.3671
17.0635
17.652
18.0923
16.1735
16.844
16.6691
16.4378
17.3038
16.4586
18.1798
16.5313
17.1082
19.4817
16.9566
16.9906
17.5857
17.5593
17.1038
17.8427
16.9513
18.0705
16.3845
18.6623
17.0697
15.9692
17.311
16.0544
20.077
19.9966
19.9264
16.7342
17.9432
16.4004
16.994
16.5158
16.7525
15.2553
16.3135
16.3542
18.0293
16.6069
17.4704
16.3688
19.9665
16.983
17.8222
19.7673
16.4742
20.2225
17.5166
14.5932
18.5712
16.4519
16.5914
16.2549
15.24
17.4196
18.7101
17.6035
15.9104
15.5727
18.943
18.4328
18.3684
16.6363
16.2658
15.7887
15.6477
16.7615
15.5515
14.9503
15.4269
16.2993
17.7465
16.8401
17.1392
18.6643
16.5138
15.3184
16.0655
16.1057
16.2213
16.4455
16.8314
16.724
17.8123
18.0257
16.9812
14.4101
16.5941
14.7987
19.9604
18.53
17.3063
16.1884
16.9019
16.1864
17.2495
15.6922
16.0926
13.2475
14.884
15.3149
16.4043
16.7741
17.5073
16.4815
18.1456
16.2204
17.466
17.8912
16.7808
17.04
18.1996
15.5062
18.3379
14.9016
15.8524
15.4422
14.3792
16.6632
18.0652
18.7494
16.1748
16.0068
17.2418
16.7577
18.9042
15.9004
16.4498
17.2037
16.4076
14.4282
15.888
16.3306
15.7656
15.3761
17.2289
13.9283
16.8741
18.6675
16.3358
17.0375
16.6462
15.7376
17.1483
17.3306
16.4275
17.2416
16.6986
18.0491
15.3026
14.3217
16.4791
15.1877
19.063
17.9072
17.376
14.8855
16.7289
15.8522
16.5325
16.0666
14.6236
15.8999
17.5304
14.8706
18.2465
15.0704
16.2062
14.1039
17.6677
16.3947
16.333
17.8182
17.0479
17.7556
15.8645
14.2828
17.6211
15.645
16.2034
16.2967
15.2199
16.9289
17.2434
16.1609
15.9515
15.2411
17.7146
17.8937
17.3364
15.0425
16.5287
16.0353
15.5583
14.1308
14.7239
14.3196
15.7987
14.482
16.331
14.7963
16.1911
17.9149
16.183
15.7846
16.3198
15.16
16.7573
16.6852
16.2652
14.666
15.7149
18.6051
16.3035
13.2277
14.8352
13.9884
17.9097
17.5074
17.4552
15.0483
16.5241
15.7973
16.8187
15.866
15.5772
13.4809
16.3436
14.2471
16.4052
14.7678
16.3652
15.0202
17.7516
15.1958
17.0906
16.4237
18.4466
16.8099
16.5452
14.9709
18.1639
14.3404
15.3562
17.5827
14.8088
16.1899
17.6709
16.4982
14.7326
15.5722
16.9485
16.1882
18.2994
17.1581
15.509
17.4545
16.1327
15.773
14.1755
15.7255
16.5058
14.1369
17.2761
16.3084
16.6073
18.2484
17.3146
15.7548
15.2295
16.1413
15.6542
17.4293
16.1373
16.1516
16.0634
18.1305
16.9945
15.2994
15.788
16.5385
19.1096
19.3971
17.7563
14.9046
16.9236
15.1957
14.7216
16.6392
15.5533
15.1623
15.6891
14.1429
16.4059
15.1691
14.4905
14.4352
18.2819
15.4984
16.4709
17.0502
17.223
17.47
17.1475
15.6548
16.2474
15.4676
16.2659
16.3833
14.8014
15.0009
17.2405
17.3483
14.3421
15.3324
17.6206
16.5993
18.0326
16.3397
16.7254
16.7097
15.691
15.3236
14.7336
14.71
16.1963
14.8789
17.8841
15.2923
17.0782
17.3831
17.0685
14.8464
15.657
15.3047
16.5066
16.7473
16.2315
17.5806
15.8266
18.2828
16.7528
14.7982
16.5394
16.0406
18.9281
18.8782
18.2621
14.7794
16.7913
15.2605
16.2686
15.3917
16.1455
14.1742
15.7811
15.8312
16.8581
15.5609
14.5735
15.4182
18.659
16.3317
16.3173
16.6115
15.8545
17.9966
16.5882
13.9609
16.5674
13.8266
14.8007
15.4543
15.4818
16.5485
16.2887
16.4862
15.0083
15.0541
17.3468
16.211
16.9432
16.5913
15.7261
15.5909
14.8444
14.9242
15.3567
14.1946
14.6603
14.7104
16.0743
13.9519
15.3421
17.7591
15.0329
15.0447
15.6375
15.7194
14.8368
15.6973
15.4969
15.5251
15.8284
16.9272
15.9501
14.1681
15.7195
14.9421
18.7496
18.6627
16.9821
14.6974
15.8529
15.2024
15.4628
14.9142
13.4939
13.6367
13.7983
14.6143
15.862
14.54
15.4708
14.7881
16.1679
15.1553
15.5189
15.9843
15.1444
15.7367
14.9619
14.2316
16.2636
13.4272
15.5638
15.8508
14.3503
14.9437
16.4772
17.0003
14.9243
14.4721
16.0101
14.7182
15.3733
14.2225
15.5001
15.3868
14.5788
14.3372
13.8695
14.1018
13.853
13.6363
15.3868
13.1643
15.2327
18.034
15.2921
15.1002
14.9397
13.8136
14.7678
15.2078
13.9082
15.7547
14.3514
15.4797
16.4016
14.2824
14.5731
15.0072
16.4671
16.996
16.2546
14.7259
15.8486
14.1605
13.9127
14.708
14.2756
13.3758
13.7058
12.9558
16.1059
13.0508
14.3931
14.0106
17.3955
14.9189
14.0833
15.6572
15.3008
16.1587
15.1945
14.0296
16.5871
14.0413
14.6732
14.242
12.7798
15.6176
16.6677
17.7649
14.4473
14.571
16.8909
16.5359
16.1423
13.7399
14.2128
16.0362
15.6952
14.9058
14.0755
13.3373
14.4989
15.1931
14.8177
14.7153
16.044
17.3025
16.4347
14.3776
16.1713
15.4787
15.4793
15.428
13.8113
15.2481
15.1768
16.5742
15.0852
14.0234
13.3862
14.0677
16.9289
16.1581
16.2567
15.2121
15.785
13.6156
13.7822
15.257
14.2855
13.893
14.3282
13.5515
16.4522
14.5374
15.015
13.8247
17.2874
14.7714
15.7947
17.7189
17.5071
17.4871
16.0116
16.3016
17.1518
14.8907
16.4852
17.5137
13.4439
15.7546
16.6671
17.5668
15.4907
15.0138
16.8335
16.3861
17.5564
15.4475
16.1707
16.1265
16.0998
14.7995
15.2744
14.8891
16.7252
15.8709
17.0591
16.2793
16.2959
16.9691
16.8888
15.6143
16.1069
17.2438
15.5359
16.9274
17.6006
15.9482
15.5496
18.6439
15.8248
14.3957
15.1797
16.7553
18.1051
18.304
17.1049
16.6947
16.4531
15.9528
15.3243
15.9236
15.0896
14.5841
15.4808
14.9967
16.197
15.049
14.9742
15.8742
17.9626
16.1746
16.3835
17.8543
15.3692
17.8606
16.9862
15.2399
18.7395
13.5402
14.521
15.7697
13.3182
15.6701
16.3218
17.1021
13.1669
15.7946
16.515
17.4094
16.9671
15.6544
15.7146
16.8076
15.4066
14.1623
14.5165
15.1393
15.134
16.3081
16.7356
15.0445
15.3686
17.2876
14.7339
16.3848
15.2239
15.7222
14.9773
15.7283
15.984
15.919
15.6996
17.3224
15.3825
13.7415
15.7344
15.2672
18.0662
15.905
16.3706
16.0454
16.317
15.2768
16.44
14.9621
14.9336
14.7385
16.2528
13.0955
16.4011
13.8186
15.8261
15.5526
17.769
15.6235
14.1812
18.4767
17.9844
17.5938
17.1898
15.9985
18.2482
15.588
16.0543
16.9434
15.534
17.4857
18.382
16.8305
14.9489
15.3533
18.4339
17.4413
18.0705
16.2879
16.3878
17.8114
16.9002
15.559
14.8042
16.3441
14.9508
15.4514
18.0512
16.2573
18.2301
18.3667
18.2647
16.091
16.4747
15.6622
17.6707
18.3889
16.3123
17.0288
16.4612
16.82
15.6786
15.0574
15.5353
17.0417
19.3357
18.9945
18.9654
16.535
16.8004
15.1582
15.5853
15.4116
15.9786
14.2716
17.0107
14.9294
17.0604
14.9776
13.3255
15.7801
19.2259
17.5335
17.1597
17.4421
17.1224
17.721
16.6967
14.6617
17.5679
16.2205
15.2038
15.7374
15.1801
16.6386
16.2631
16.2356
14.5176
14.426
17.1694
17.4078
17.8815
15.3409
17.7459
17.7141
15.0242
15.2687
14.6438
15.2684
17.1957
14.605
17.0276
15.2296
15.779
17.4035
16.2602
15.2798
15.8847
17.0901
17.4445
15.9173
16.6505
15.9711
14.9326
18.2701
15.983
14.872
15.6271
16.068
18.8737
17.865
17.6579
14.6667
17.5135
16.1352
15.5717
14.8008
14.9648
13.4706
15.6065
15.8979
16.7112
16.0634
14.3619
14.9511
17.1657
15.503
16.0581
17.2764
16.6594
16.6444
15.8308
15.1902
18.0052
15.4266
14.851
16.2836
13.6266
16.5777
18.1545
18.0184
14.7005
15.2228
16.2588
17.8758
18.6226
15.7407
15.4562
16.1423
15.6668
16.3814
14.682
14.7754
15.7854
16.2694
15.9543
14.359
17.4191
18.2209
16.7347
15.3446
15.6899
15.2513
15.6001
16.0724
17.0645
15.2666
16.3544
18.7652
15.6863
14.9101
16.2966
15.4177
18.2594
18.7459
18.2718
16.514
17.4904
16.8828
16.732
16.4859
14.8087
14.1405
15.9366
15.5788
16.025
16.152
14.7802
15.0914
17.7808
15.5007
16.7024
17.8596
17.6541
18.2827
18.1597
16.2544
18.598
15.3293
17.0243
17.9972
14.5574
17.2185
18.7768
18.6695
16.4063
16.3208
19.0047
17.3241
18.8524
17.7365
16.7179
17.7074
15.7684
14.3657
15.2243
16.6219
17.1426
15.8844
16.8594
15.9544
18.0145
18.4222
18.7953
17.7457
18.0503
17.5609
16.0189
17.8762
17.5718
17.5337
16.9984
19.6653
17.4844
16.0361
17.6539
16.7246
19.9736
20.1391
19.6991
15.9275
17.8864
15.9834
16.8648
17.5788
15.2619
15.191
16.4998
16.5566
18.4714
16.2032
16.1089
15.2133
18.8214
16.5956
17.1065
18.394
18.105
17.9971
18.6939
16.6927
19.8759
15.5173
17.9229
18.9337
13.4696
17.7097
18.8782
18.4961
16.0344
16.5646
19.0524
18.2603
19.0228
17.0686
17.5045
17.6593
17.1275
16.5327
15.7623
16.8884
18.2808
16.2961
18.6047
16.5735
17.7261
20.0938
18.0416
16.8933
18.6969
17.8348
16.2532
17.9802
17.1757
18.0978
17.6258
19.4904
17.1426
15.1159
17.2302
16.8648
20.0541
18.4748
18.776
18.4657
18.5289
16.2775
17.3324
16.0398
16.8765
15.8786
17.3864
14.2672
16.542
16.175
17.4771
17.2644
18.9228
16.7513
16.8627
19.8401
20.1491
19.5218
18.9615
17.2532
21.141
17.6323
17.4212
19.4601
16.6765
20.2072
18.8031
19.3854
18.2814
16.2606
20.0194
19.6142
20.3188
18.5255
18.6565
19.3013
17.3635
17.8643
16.6314
17.0621
18.6587
16.8339
19.8914
18.2562
19.4025
22.1091
18.1852
17.909
19.1228
18.8241
17.0297
18.3444
18.3695
17.908
18.8457
19.7502
17.1863
16.3313
18.2448
18.0951
21.8789
20.874
20.6507
18.3149
18.2747
17.0229
17.7661
18.1511
17.2213
15.992
18.1756
16.6086
18.0748
18.0084
17.2366
17.5343
20.9334
18.3957
18.7234
15.0047
14.2485
15.5387
14.6219
13.459
16.3374
13.3541
13.452
14.3389
12.4997
14.1216
13.8065
13.1536
11.9408
12.9756
14.7926
14.6761
14.161
14.449
13.484
14.5792
12.4278
14.6415
12.6335
13.4811
14.2363
12.6091
15.1331
14.8812
13.9069
16.0421
13.952
14.66
14.091
14.9043
11.6409
13.8706
15.1024
15.1052
13.4335
16.4087
15.7984
12.4995
14.9212
13.8188
15.9156
15.9995
14.1848
13.1766
14.161
12.2973
14.4275
14.158
11.5446
12.2845
13.4135
12.4177
13.8398
13.5008
13.2844
13.0891
15.8926
14.1466
12.824
15.6037
14.0912
15.6001
14.3305
14.3069
15.6965
12.8803
13.0466
14.122
12.3675
14.013
15.4643
15.8612
13.2075
13.7968
14.0948
16.2844
14.9866
14.4358
13.9932
15.0367
14.4993
13.8992
13.9166
12.9174
12.8797
14.2812
14.9768
13.1073
14.0543
16.3878
15.0539
13.1192
13.924
13.5535
13.9148
13.9453
14.5204
14.5776
13.5535
15.1263
12.0149
12.937
13.9664
14.2319
16.3988
15.95
15.1294
14.6684
15.0525
14.3031
13.754
13.7328
12.6008
12.7676
14.065
13.5048
14.9848
13.521
13.3279
13.2839
16.1867
13.6769
13.9136
17.4139
16.5379
18.5169
15.6221
13.8327
18.6571
14.9537
16.8301
17.0953
14.6274
16.6149
18.5932
18.7139
16.7962
16.3646
17.2596
17.6206
17.8002
15.9753
15.765
17.6757
14.8088
17.1354
15.4845
15.1208
16.5274
15.6345
17.1932
16.2888
17.3701
19.2059
16.4909
16.066
16.1614
16.7095
16.1234
16.8135
15.3706
17.0826
16.2836
17.5525
16.9246
15.5085
16.6805
16.3329
18.4907
17.634
18.1908
15.5251
17.7106
15.0652
14.8817
16.4455
16.0963
15.0779
15.6695
15.0965
17.3736
16.1881
16.5358
14.8223
19.7092
14.9095
17.1383
17.8469
17.166
17.4097
15.3791
14.6137
16.5275
15.1773
15.3132
16.6485
14.062
15.7809
17.0558
16.2409
14.9339
14.6298
17.1802
15.995
16.5649
14.3771
15.0487
16.5635
15.1943
15.1372
15.0724
15.0413
15.6008
15.0802
16.7834
15.6223
16.1157
17.7007
16.7265
15.2666
15.3376
16.5933
15.5204
15.9947
16.0358
16.1797
16.2712
18.7193
16.5941
15.1064
15.8928
15.3663
17.3423
18.0613
16.9484
15.3461
16.3818
14.6009
13.9337
16.4345
14.3676
13.9189
14.5401
15.0673
16.2151
15.0358
14.5388
14.5872
17.5118
14.215
15.9777
16.9605
17.7845
17.8053
16.7115
15.0119
16.911
15.3319
16.1192
16.5762
15.1348
14.8791
17.8356
18.076
14.6593
16.7279
17.4527
17.8015
18.1935
16.8683
16.0195
17.5191
16.1449
16.2285
15.8455
15.7445
17.0056
14.478
18.2475
15.7327
17.4371
19.1688
17.1093
15.4732
14.7434
16.2843
15.7554
16.994
16.0304
17.6665
15.394
18.658
18.1574
16.1852
15.6858
16.9297
18.1293
19.0314
17.9686
15.5148
17.4121
14.5704
16.1463
16.6167
15.6634
14.476
14.9222
15.3789
17.6318
15.8886
15.9617
15.0992
19.8144
15.821
16.2365
15.8812
16.6668
15.8332
15.6543
15.0546
16.4084
14.0222
16.0568
15.5774
15.0446
16.1843
16.0227
16.25
15.8075
14.7856
15.8967
16.5938
17.0304
16.3405
15.9302
15.733
15.6564
14.8279
14.8218
14.9167
15.2614
14.0504
16.9237
14.892
14.958
18.4333
16.4099
14.9171
15.2818
15.6448
15.8536
16.6365
15.0837
15.4923
15.3186
15.2484
15.411
14.2276
14.8966
14.7334
18.5944
17.4764
16.6467
15.6118
16.2042
15.7
14.6857
15.449
14.6328
14.7278
14.764
14.4342
15.9712
13.9704
15.3227
13.8136
17.5927
15.3735
15.1743
18.3587
16.9498
17.5505
16.1899
14.9128
17.1296
15.5344
16.7897
15.8128
14.8618
16.5625
16.3891
17.0322
14.4393
15.384
18.4039
16.9991
18.0731
16.0936
14.9109
14.5005
15.3277
14.2546
14.3242
14.6253
15.6982
14.357
16.9704
15.8436
16.3592
17.9716
15.5473
15.4655
15.356
17.5203
15.415
17.2468
16.3832
17.035
16.3783
16.6926
15.5192
14.8095
16.1111
16.7787
19.0638
17.7238
16.5034
15.7362
16.0521
15.8
15.8053
15.5468
14.9743
13.9351
15.721
13.8288
15.6557
14.5134
15.2149
15.3813
16.4407
15.5817
15.2488
18.0293
16.5287
18.3442
17.5398
15.8069
17.7489
13.8935
15.8097
16.3184
14.9745
15.4104
18.0401
17.4827
15.1166
16.357
16.876
16.382
17.1459
17.0717
16.5293
16.4399
16.0568
15.9145
16.2923
14.8918
14.5532
15.031
18.2615
14.9014
15.8554
17.4546
16.0855
15.4257
16.2763
15.0079
16.5035
17.9039
17.4822
16.4962
16.3803
17.0936
16.4752
15.1549
16.3181
15.6158
18.6145
18.778
17.4411
14.9916
16.5336
15.6438
16.4162
14.7103
15.7801
14.6979
15.676
13.5605
16.8035
15.1244
14.9385
15.786
17.2416
16.0809
16.419
16.1004
15.4285
16.07
14.9233
13.7992
16.9062
13.8832
14.855
14.5347
14.2521
16.2838
16.1902
16.5301
16.8208
13.971
16.4647
14.8138
16.6285
14.6261
14.126
15.4385
14.1309
14.7093
13.8796
14.5619
14.9686
14.0867
14.6528
15.7894
15.6881
16.9645
14.9038
13.7434
16.491
15.5687
14.2535
15.8418
15.5114
14.7448
15.2751
17.125
14.7258
14.2934
15.0306
14.1179
17.8355
17.2817
16.4457
14.4095
14.9581
13.876
14.8393
15.6222
13.9517
12.9703
14.012
13.4735
16.0917
15.4942
14.3763
13.2382
15.9557
15.3178
15.5654
17.7751
16.3329
16.3964
16.2667
14.9488
17.0639
13.9023
15.9042
14.8899
14.371
15.3817
18.6675
17.7635
14.5916
15.6689
16.5724
16.3211
16.7305
16.1547
15.5338
16.8073
15.6674
16.1664
14.677
15.2859
15.025
15.9366
16.8618
15.139
16.6722
17.2034
16.5625
16.3759
15.9432
14.8397
15.2254
15.9764
16.1695
16.548
16.5902
18.7628
15.8687
13.6627
15.8337
15.0675
18.2627
18.1023
17.1362
16.2605
15.5061
15.5811
15.5676
15.1441
15.9952
15.3716
16.1114
14.6173
16.7263
16.114
15.3661
14.9836
18.8075
16.7806
15.9747
15.393
17.7025
17.0317
15.4866
15.297
17.9411
14.1511
14.4824
16.0576
14.0213
15.9705
15.5797
14.7271
14.9853
13.7186
16.5552
15.6553
15.4961
15.3574
14.6287
16.3148
14.2764
14.9133
14.4594
13.5166
13.7636
13.8226
16.9008
15.8294
15.1441
17.3388
15.2573
13.9845
14.4111
15.1272
14.7158
16.1451
14.9086
15.1856
14.7386
16.0485
15.013
13.7092
14.0044
13.658
17.5359
17.6067
16.5724
15.5761
14.5778
13.8756
14.7185
14.4989
14.6722
12.3556
13.1862
13.24
14.5509
14.4887
14.8683
14.3929
17.4866
15.696
16.2204
18.9486
16.8804
18.2022
18.0582
14.8796
17.8138
15.0652
16.4296
16.6794
14.6
16.7104
17.8878
17.9571
14.3294
17.1326
18.5268
18.998
17.6322
15.8263
17.2272
17.5552
16.3542
15.0861
15.1131
15.7114
16.8489
15.3317
18.0016
15.1998
16.4446
19.1593
15.9546
15.9149
16.1887
15.8099
16.721
16.9917
17.6535
16.9304
17.4266
18.4525
15.9129
13.8722
17.2267
15.6948
18.8178
17.3304
16.6598
14.8685
17.3883
15.3739
17.1915
16.0335
15.8337
15.9532
18.2186
13.6818
17.253
14.6945
16.5738
15.3029
17.5994
15.4522
16.2201
16.9469
15.3071
16.8139
15.3916
13.3333
16.3882
15.1564
15.3275
15.0006
13.1214
15.5193
17.0114
16.0241
14.4468
14.7782
15.925
17.0344
17.5039
14.6971
15.766
16.6785
14.8307
15.2552
14.4403
14.4992
15.2725
15.0762
15.7551
14.4548
15.4321
18.5084
15.6684
14.9775
15.0762
15.8051
15.227
15.4021
14.9957
17.0992
16.076
16.3792
15.7419
13.5157
16.5256
13.8218
17.6759
18.3191
16.6148
14.4904
15.9335
15.3194
14.5143
15.5307
14.1785
13.2147
14.486
15.0607
16.2398
14.9101
14.6063
14.3808
17.386
13.7257
15.3787
17.4153
19.3276
19.3557
17.9568
16.6526
19.7111
15.9762
17.0803
19.0043
15.4335
17.0683
18.2394
18.8523
16.7384
16.1194
18.4901
18.9773
18.8631
17.7084
17.0023
17.8623
17.9168
17.456
16.8791
16.8057
17.5129
16.4182
19.0904
17.3325
17.8939
20.5325
19.1469
16.7293
18.4715
17.4284
17.0716
18.5042
17.2112
17.3078
16.9981
18.9451
17.4794
15.5579
15.7596
17.7357
19.0619
19.5193
18.1979
17.6305
19.0052
16.8367
16.5518
17.2772
15.7757
14.7867
16.3599
15.1012
18.6128
16.1018
16.9319
16.1623
19.5376
17.4131
17.4472
16.8389
16.6555
17.841
16.655
14.4487
18.1817
15.0751
14.3916
14.4582
14.7884
15.4194
16.8558
16.455
14.1845
14.4179
16.4812
16.486
17.3448
15.7139
14.7708
16.6775
15.0528
15.5851
15.7215
14.13
14.3733
14.1494
17.2125
14.5115
16.2723
17.6728
15.7963
15.2946
15.9218
15.5299
15.0201
16.8284
15.6314
15.5537
15.0107
17.6197
15.9491
14.3349
15.1132
15.6655
16.6286
17.7907
16.7397
13.9089
16.1855
14.7218
15.1627
15.7922
13.7543
13.1005
14.213
13.0728
16.7244
16.1338
14.9725
14.4141
17.5448
15.1754
15.9922
17.9629
18.5621
19.5057
17.5937
17.443
20.746
15.3278
18.0903
19.0905
15.3135
17.3042
19.351
19.7511
17.8969
18.0786
19.1277
19.0629
19.5913
18.0872
16.8482
19.425
17.2077
17.1502
16.7662
16.7097
18.1403
17.034
18.4223
17.3319
17.6465
19.782
19.1753
18.3573
18.3017
19.1165
17.5054
18.4752
16.8652
18.7264
17.907
21.3978
18.5131
17.044
18.3409
17.497
20.9007
19.4669
19.8682
17.4307
18.9326
17.3478
17.6442
18.5859
16.9004
17.2461
17.1857
15.6577
19.2745
17.1288
19.5811
16.0434
21.3055
17.2494
18.2562
18.6171
17.2222
18.0451
16.6611
14.1205
17.5422
14.6752
14.8763
16.6248
13.7095
15.0015
19.4775
17.9002
14.146
16.3452
18.073
17.773
17.1218
15.9191
14.7322
16.9492
16.9409
17.6243
15.7233
14.4919
17.0828
15.8471
16.5943
15.4071
15.7632
18.8344
15.8985
15.5332
14.979
17.2263
14.9193
16.9914
17.3051
15.5449
17.0487
18.9746
16.2447
14.2473
16.4022
15.9239
19.2566
18.7948
17.2302
15.8363
16.0664
15.8698
15.7436
16.7589
14.6482
14.8579
15.2983
14.5534
16.5556
14.7004
15.6665
15.0138
17.9357
13.8405
15.6981
14.6769
14.7746
15.8695
13.2139
12.6355
15.295
13.6447
13.1027
14.1433
12.4415
13.9234
14.3831
14.6556
13.8602
13.0781
15.156
14.4209
15.6885
13.6389
12.8546
13.4559
13.0605
13.3339
12.9049
12.1883
13.9056
12.7781
13.784
12.8934
14.2628
15.0157
14.1164
13.2347
13.696
13.1224
13.6977
14.7844
13.3301
12.7221
13.6624
15.3167
15.389
12.8452
13.5206
12.4487
16.9375
15.8719
16.398
12.7089
14.5945
13.1727
13.2083
14.7046
12.9271
11.8935
13.0152
13.1813
14.5905
13.5163
14.0847
12.6646
16.1211
12.0167
13.6934
15.078
16.2364
16.0477
15.6518
14.7183
17.3135
14.5115
14.8899
15.203
13.2632
16.2211
15.5151
16.6971
14.7309
14.4153
15.5465
15.8292
16.7336
15.8825
14.8816
17.6479
14.2428
12.7033
13.9516
14.2549
15.3287
13.5545
15.3224
15.0596
15.4633
18.6956
15.5892
14.8234
14.7573
16.2937
15.0412
15.738
15.2969
16.2408
14.2217
16.4699
15.3772
14.9513
15.2056
15.3535
17.072
17.7149
15.9741
15.5187
16.0232
14.3854
14.9646
16.1963
14.8245
13.5905
14.0954
14.0478
16.2009
14.2283
14.0797
13.1465
17.384
15.2995
14.6021
15.0878
15.3812
15.0311
14.94
13.269
15.1018
12.3565
13.805
13.9237
13.2417
14.0354
14.3912
15.5087
13.6498
12.3378
15.0389
16.047
15.1927
13.3312
14.2309
15.3776
13.2452
13.2106
13.0666
12.824
13.9585
13.1846
14.8845
14.0426
14.7212
16.7072
14.5132
12.3899
13.784
13.7004
13.8942
13.6702
14.7089
13.9794
14.196
15.1693
13.1776
11.2149
13.7449
12.3348
16.2262
15.1026
14.7355
13.3933
13.5863
13.3083
13.1541
14.4891
14.0607
13.6775
14.5352
12.4992
14.3169
14.561
13.1324
12.6693
15.16
14.1645
14.3122
16.1721
15.4144
16.2738
15.5806
14.8131
16.5961
14.7945
13.8227
14.6934
12.6064
15.8695
15.1347
16.3951
14.1387
14.2993
15.6562
16.1518
16.1306
14.2236
15.0428
16.4476
14.87
14.1065
13.592
13.1091
15.3804
14.4595
15.3521
13.7701
14.6891
18.2456
14.2275
14.5184
14.8812
14.209
14.4267
14.759
14.9666
16.3883
14.7578
16.1056
14.749
13.9969
14.7676
12.9481
18.0218
17.7221
15.1881
15.5082
14.8088
13.9796
14.8524
15.4268
13.9128
13.3844
14.6868
13.7007
15.2019
12.9204
14.3016
14.8391
16.7688
14.4436
14.4512
18.6
18.8182
18.7022
17.8949
16.4464
19.4567
16.8596
17.6
18.4767
15.5555
16.7484
19.1175
20.101
17.3761
15.4958
18.7832
18.8473
19.0432
16.6135
17.7723
17.9789
17.3207
18.0594
17.2106
16.4456
18.4135
17.1822
18.8143
17.6238
18.3798
19.7125
18.3638
17.3505
17.2655
17.9865
16.7537
18.1144
18.5745
17.0675
16.8673
20.0077
16.7685
15.8947
15.7164
17.7708
19.4172
20.3113
19.8558
17.3554
17.6877
16.7852
16.9319
17.1052
16.3392
14.9562
16.5861
16.2569
18.3638
18.4602
17.5135
16.5548
20.7371
16.4911
18.0071
16.5148
16.1341
17.5832
16.0673
14.3111
17.1732
14.0333
16.2208
16.3029
14.8707
15.9821
17.357
18.2737
15.5476
15.0679
17.5129
17.4543
18.2968
15.79
16.5786
15.6303
15.3898
14.0319
13.6654
15.0766
14.2088
14.1504
16.5999
14.6348
17.4066
17.5359
16.822
15.6427
15.3963
14.6758
16.7706
17.1999
15.1862
15.5368
16.0042
16.3685
15.1514
13.6871
14.625
15.2003
17.4483
17.1415
16.9078
15.4802
17.0505
14.931
15.3578
14.9129
15.9164
15.3572
16.543
13.9685
15.5159
13.8677
15.4392
13.9065
17.766
15.9118
16.8027
16.1742
15.7526
16.8205
14.3956
14.0964
16.5893
14.9633
13.7006
14.9765
13.8523
16.116
16.673
15.0477
14.5611
13.8987
15.117
16.0189
15.1754
14.5799
13.9857
15.5069
14.0822
15.5327
13.48
14.0954
13.4611
13.7679
15.2399
13.5786
14.838
18.2155
16.095
13.5863
14.9435
14.0692
14.8262
14.1722
14.6651
15.8725
15.1449
16.141
14.9398
12.4867
14.7963
13.6195
17.0366
17.5101
14.5762
15.0757
16.3861
14.1732
14.9376
14.5343
13.6174
13.0416
13.4795
14.4784
13.7717
13.8878
14.0637
12.7184
16.8033
14.2885
15.5928
17.5728
16.8044
17.6146
16.5595
15.3024
17.8675
15.2544
15.6365
15.7013
13.3644
15.0323
16.1082
16.6193
14.1025
14.2645
16.7523
17.4667
17.0857
16.3223
16.5829
16.0605
15.8767
15.2317
15.0436
14.4716
15.3582
14.7055
17.7734
15.2282
15.6171
17.0286
16.7098
15.6834
15.214
15.5887
16.282
15.8839
16.2013
16.7507
15.7056
17.5213
16.448
14.1266
14.66
15.3531
18.4048
16.7395
17.1448
15.2793
16.7932
15.0073
15.5111
15.5726
14.6323
14.1101
15.7435
15.2683
16.2137
15.7645
15.7664
15.1647
17.8758
15.6702
15.8743
16.7024
16.6707
17.7315
16.1758
15.2731
17.3089
14.7418
15.0707
17.1085
16.1046
15.8234
16.6386
17.4654
15.835
15.2064
16.8247
16.9671
17.1344
15.0167
16.2378
16.4856
14.9838
15.4998
14.9888
14.8391
16.2342
15.1648
17.072
14.5727
16.0193
17.7686
15.1734
15.4964
15.2579
15.2458
16.1307
15.5364
15.5663
15.4862
15.2308
17.255
16.6578
14.5885
15.4451
15.1899
18.0912
17.9129
16.6287
15.1281
17.1898
16.3147
16.0799
15.8081
15.3324
14.349
14.3709
14.1952
16.501
15.0481
16.1434
14.8819
18.36
15.8062
16.3263
17.4467
16.8019
18.7104
16.6887
15.9853
19.2887
15.4043
15.237
17.0329
13.3719
15.0677
19.0555
18.9989
15.7761
16.5803
17.7163
17.338
17.5806
17.5177
15.1046
17.7383
16.255
16.766
14.4761
15.2341
15.9841
16.5274
16.3578
15.934
16.8822
17.6702
16.5407
16.5964
16.6374
16.0924
15.308
16.8866
17.2082
17.2826
16.562
19.3476
16.5046
15.7719
16.581
17.0724
18.7928
19.9103
18.2039
15.6097
17.1125
15.7159
17.0536
15.4001
15.4439
14.0741
16.1619
15.9469
17.2747
16.1197
16.9895
15.0922
20.0666
15.3476
16.0766
15.1838
16.2544
15.8967
15.8496
15.1486
16.723
12.9602
14.9822
16.0011
13.7315
16.2166
15.9325
15.8266
14.4668
14.3258
15.7899
15.5875
17.0076
15.7266
15.6809
16.3609
14.8606
15.0348
14.9853
13.8553
14.3917
13.9038
16.7864
15.3688
16.2867
17.0093
15.8494
14.0307
14.2092
15.0412
14.3241
16.0034
15.9539
14.3262
13.7002
16.7642
14.9385
13.9837
15.2212
14.7806
17.124
17.3786
16.6734
15.0757
15.8077
14.6033
14.1421
14.6099
13.5005
14.152
14.3253
13.0431
14.3185
14.3521
13.6386
13.9763
16.8559
15.6453
15.37
